254722357972
254722357991
254722358200
254724480733
254722717243
254721308975
254722343568
254722343572
254722343698
254722343757
254722343821
254722343884
254722343990
254722860116
254722348656
254722348657
254722348683
254722348734
254722348748
254722702493
254724484257
254729329990
254729330707
254721309502
254721307175
254722893512
254722861979
254721307272
254721307312
254721307352
254722352911
254722353033
254722353081
254722353112
254722353147
254722353148
254722353149
254722888304
254722944031
254717663951
254721307689
254722618110
254722972344
254722358607
254722358616
254722358802
254722358862
254722358907
254722871556
254729330073
254722624685
254729330150
254729330217
254722344059
254722344066
254722344127
254722344147
254722344209
254722344220
254722344224
254722790140
254722348828
254722348851
254722348887
254722348902
254722348947
254722801131
254722843346
254724483887
254717666222
254722353291
254722353424
254722353444
254722357278
254722694090
254729331777
254722357320
254722357326
254722357580
254722357700
254722357739
254722908227
254722344364
254722344401
254722344433
254722344449
254722344455
254722344563
254729331089
254721310348
254722899842
254729331281
254729331288
254722349007
254722349008
254722349110
254722349160
254722349285
254722349381
254722349511
254722709815
254722888941
254729331379
254721310739
254722813617
254722681780
254722353547
254722353573
254722353595
254722353610
254729332904
254722339963
254722339970
254722339998
254722340045
254722340072
254722340082
254722773200
254722837975
254721311473
254722344704
254722344705
254722344743
254722344792
254722835759
254722869964
254722853241
254722349789
254722747417
254722951477
254722728527
254722353786
254722353792
254722353850
254722353893
254721313774
254722916710
254722661041
254722340296
254729332662
254721313992
254722889552
254722749732
254722624232
254722344860
254722344885
254722344889
254722344900
254722344904
254722344977
254722344990
254722866773
254722349822
254722349903
254722349916
254722349922
254722349967
254722353901
254722353997
254722354043
254722354050
254722354077
254722354101
254722354183
254724489854
254721312538
254729334478
254722981666
254722340428
254722340447
254722340542
254722340593
254722340595
254722942636
254722345097
254722345140
254722345253
254722345256
254722345360
254722837021
254722830242
254729333981
254729333982
254722349972
254722350038
254722350042
254722350059
254722350093
254722350180
254722999974
254729334021
254729334591
254722798921
254722354270
254722354301
254722354310
254722354333
254722354394
254722354426
254722340693
254722340744
254722340950
254721314512
254722740450
254722345376
254722345398
254722345508
254722345550
254722632319
254729334747
254722799191
254722350181
254722350203
254722350252
254722350256
254722350317
254722350350
254722350382
254729383694
254722910865
254722354431
254722354474
254722354488
254721315513
254721318174
254722650144
254722630458
254722341023
254722341200
254722341217
254722341223
254721318570
254722345555
254722345568
254722345608
254722345638
254722345645
254722345663
254722345706
254722345707
254722800072
254729336516
254729336524
254722958548
254722350399
254722350406
254722350450
254722350484
254722350585
254722354655
254722354770
254722354880
254722354975
254722716737
254722341320
254722341328
254722341399
254722341488
254722341503
254729336187
254717606661
254729336213
254729336257
254722345720
254722345758
254722345762
254722345880
254722346019
254722757149
254729336436
254722350597
254722350648
254722350651
254722350701
254722350716
254722939577
254729336995
254722952946
254722783388
254729337731
254722355204
254722355299
254722355367
254722355409
254722355616
254722661386
254722341667
254722341799
254722341816
254722828879
254724501997
254722736137
254722346028
254722346045
254722346046
254722346059
254722346143
254717656123
254722350802
254722350803
254722350839
254722350937
254722637369
254724500950
254722411720
254722411721
254722411732
254722411735
254722411741
254722411743
254722411744
254722917238
254722864581
254724501296
254729338226
254722410172
254722410174
254722410181
254722410189
254722410198
254722410203
254722410207
254722410208
254729338892
254722410639
254722410641
254722410642
254722410651
254722410652
254722410655
254722410661
254722410665
254722718373
254722411136
254729339231
254722411138
254722411146
254722411158
254722411160
254722411173
254722411174
254722756184
254721323396
254722882576
254722411746
254722411750
254722411755
254722411757
254722411761
254722411762
254722411764
254722411771
254722411776
254721323682
254722740333
254722410211
254722410213
254722410214
254722410215
254722410216
254722410220
254722410221
254722410222
254722410224
254729338715
254721323772
254722410666
254722410667
254722410669
254722410671
254722410678
254722410684
254722948243
254722962187
254722411184
254722411196
254722411200
254722411203
254722411204
254722411205
254722411208
254722865447
254721322167
254722842046
254722860580
254722840025
254722752806
254722964366
254729340369
254721322435
254721322552
254722411777
254722411780
254722411781
254722411783
254722411785
254722411787
254722411788
254722411789
254722411797
254722411798
254722411799
254722410236
254722410239
254722410245
254722410248
254722410256
254722410259
254729339572
254722857351
254722410697
254722410703
254722410704
254722410706
254722410709
254722410710
254722410716
254722410719
254729339663
254729339676
254729339861
254722411243
254722411250
254722411253
254722411260
254722411264
254722712512
254717613261
254722411801
254722411811
254722411815
254722411825
254722411826
254722411830
254722411834
254722410263
254722410264
254722410266
254722410275
254722410284
254722410285
254722771568
254721324261
254722410725
254722410736
254722410737
254722410746
254722410747
254722410757
254722795541
254729340586
254729340705
254722411267
254722411276
254722411291
254722411295
254722411315
254722411316
254722788476
254729340933
254729340967
254722857663
254722411977
254722411992
254722411997
254722411998
254722411999
254722412001
254722412004
254721325182
254722410289
254722410291
254722410292
254722410300
254722410302
254722410303
254722410304
254721325420
254722793201
254722848729
254722410758
254722410761
254722410774
254722410779
254722410786
254722410793
254722410798
254722619618
254729342530
254729342632
254729342681
254721328230
254722621180
254722863311
254722840544
254722411323
254722411332
254722411340
254722411346
254722411353
254721328404
254729342002
254722411865
254722411872
254722411873
254722411874
254722411878
254722411880
254722411898
254722888262
254721326764
254722410311
254722410312
254722410316
254722410317
254722410319
254722410321
254722410323
254722410326
254722410327
254729342262
254722602661
254722410811
254722410820
254722410822
254722410826
254722410828
254722410830
254722410834
254722410837
254722640287
254724508098
254721327510
254721327524
254722411359
254722411367
254722411378
254722411379
254722411380
254722411381
254722411382
254722772233
254722915567
254729343715
254729343737
254729343775
254729343776
254722805899
254722630810
254722411935
254722411937
254722411939
254722411955
254722411965
254722411966
254722411967
254722411971
254722862013
254724540522
254729343980
254722410331
254722410335
254722410338
254722410343
254722410347
254722410349
254722410351
254722410354
254722410355
254722410359
254722906168
254722703859
254721329721
254722756124
254722410844
254722410856
254722410857
254722410858
254722410863
254722410866
254722748332
254721330140
254721330268
254722411406
254722411411
254722411412
254722411422
254722411429
254722411434
254722649776
254722412013
254722412017
254722412022
254722412038
254722412043
254722412052
254722410362
254722410364
254722410372
254722410375
254722410377
254722410379
254722410380
254722410385
254722832204
254722944304
254722410867
254722410873
254722410878
254722410882
254722410883
254722410884
254729110939
254729110982
254729110983
254721332620
254721332664
254722821707
254722761047
254722764550
254722411440
254722411441
254722411445
254722411448
254722411449
254722411450
254722730664
254722891690
254729426807
254722411899
254722741285
254722954690
254722766581
254729344611
254722411901
254722411906
254722411925
254722704547
254729344714
254721330903
254722410386
254722410387
254722410388
254722410391
254722410404
254722410409
254722410418
254722920262
254721331230
254722708937
254722618990
254722410904
254722410914
254722410915
254722410917
254722410920
254722410928
254724541570
254722801196
254721331875
254721331905
254722411468
254722411474
254722411476
254722411480
254722411482
254722411484
254722962497
254722409481
254722409487
254722409509
254722409655
254722755970
254729345563
254722410420
254722410421
254722410425
254722410429
254722762898
254722862856
254722765678
254721335083
254722410932
254722410942
254722410943
254722410947
254722410948
254722820179
254722411488
254722411497
254722411500
254722411510
254722411514
254722411516
254722411518
254722411521
254721333251
254722747407
254722702073
254722409665
254722409815
254722409819
254722409914
254722410004
254722410005
254722410006
254722746597
254721333643
254722410437
254722410439
254722410442
254722410443
254722410446
254722410447
254722410448
254722410449
254722410452
254721333882
254722874558
254725402417
254722602302
254722410958
254722410959
254722410969
254722410972
254722410979
254722410980
254722410984
254722410991
254722855318
254722804984
254722411525
254722411526
254722411531
254722411537
254722411540
254722411543
254722679411
254721337470
254721337518
254722410008
254722410013
254722410019
254722410020
254722410021
254722410031
254722410033
254722410048
254722410053
254722718629
254722724915
254722410459
254722410460
254722410465
254722410479
254722410487
254722410496
254722410499
254722962162
254722648667
254722410998
254722411012
254722411013
254722411016
254722411020
254721335834
254722779050
254722411555
254722411558
254722411559
254722411561
254722411568
254721336492
254721336517
254721336606
254722410054
254722410065
254722410066
254722410067
254722944360
254721336670
254722649901
254722715872
254722410504
254722410506
254722410523
254722410530
254722410531
254722410532
254722732961
254721340157
254722411037
254722411042
254722411044
254722411047
254722411052
254722411053
254722411057
254722411063
254722702702
254722706471
254721169528
254722679798
254722808701
254722411591
254722411592
254722411600
254722411601
254722411605
254722411608
254722997052
254722668840
254722771395
254722410076
254722410082
254722410084
254722410088
254722410096
254722410101
254722410105
254722990117
254722410533
254722410547
254722410550
254722410551
254722410563
254722410566
254722867847
254722784343
254722411064
254722411070
254722411072
254722411074
254722411075
254722757246
254729346506
254729346555
254722411614
254722411620
254722411622
254722411627
254722411648
254722411653
254722411670
254722697048
254729347436
254722410112
254722410124
254722410125
254722410126
254722410130
254722410131
254722703347
254722410576
254722410583
254722410584
254722410588
254722822061
254722411084
254722411094
254722411096
254722411099
254722411104
254729346868
254721343375
254722844480
254722784242
254722411675
254722411682
254722411687
254722411689
254722411695
254722411702
254722411703
254722411704
254722411709
254722411711
254722411713
254722411718
254722820670
254729347026
254721341132
254721341315
254722410133
254722410134
254722410145
254722410149
254722410150
254722410155
254722410159
254722732462
254722651550
254721341485
254722871515
254722410596
254722410599
254722410605
254722410610
254722410617
254722410624
254722410628
254721341725
254722614599
254722680991
254722411113
254722411115
254722411125
254722411126
254722411135
254729348626
254721342111
254722819310
254721342329
254722325694
254722325695
254722325748
254722325781
254722325783
254721345462
254722661232
254722314873
254722314923
254722314978
254722314986
254721345536
254722738072
254722782593
254722318996
254722319077
254722319134
254722319136
254722319157
254722319170
254729348283
254722620371
254722322329
254722322434
254722996081
254722705616
254721343856
254721343891
254722874657
254722325881
254722325988
254722326000
254722326030
254722326218
254724550999
254721344196
254722903009
254722993565
254729348873
254729349593
254722314999
254722315147
254722315151
254722315159
254722315161
254722315242
254722722068
254724553373
254721344767
254722319184
254722319201
254722319261
254722319267
254722319342
254722319373
254722319413
254722742182
254722322442
254729349963
254722322480
254722322540
254722322680
254722326223
254722764329
254722326261
254722326362
254722326490
254722326503
254722618915
254722600256
254722961462
254722315352
254722315376
254722315391
254722315570
254722315677
254729349362
254722617042
254729349576
254722319436
254722319487
254722319532
254722319645
254722319760
254722319841
254722319860
254722723731
254722322761
254722322782
254722322843
254722322848
254721346651
254722326512
254722326541
254722326555
254722326575
254722326959
254722858017
254721346956
254722726728
254722315713
254722315758
254722315802
254722315889
254722315926
254722315932
254722315948
254729352605
254722319970
254722320054
254722320074
254722320083
254713547000
254729352689
254722700107
254722322869
254722322870
254722322877
254722322917
254722322954
254722322966
254722861232
254722768761
254722327923
254722328078
254722328188
254722328300
254722992667
254722769435
254729354082
254722315990
254722315997
254722316021
254722316099
254722316170
254722609732
254729354224
254729354282
254729354301
254722968203
254722320102
254722320175
254722320190
254722320254
254722320320
254722320376
254729353393
254721351051
254722861373
254729353454
254722322969
254722322998
254722323104
254722323130
254722323134
254722323174
254722323175
254722611085
254722647952
254722326970
254722327175
254722327202
254722327225
254722327251
254722850796
254710852929
254721350663
254722316177
254722316188
254722316210
254729353930
254729353945
254721350822
254721350863
254722316229
254722913912
254722770302
254729354531
254722320396
254722320409
254722320416
254722320422
254722320466
254729355368
254722889358
254722323302
254722323305
254722323309
254722323329
254722323335
254722323337
254722323434
254722323445
254722323477
254722832414
254721352890
254722327676
254722327695
254722327699
254722327718
254722327815
254722327844
254722327859
254722316298
254722316318
254722316368
254722316371
254722769361
254722627922
254722320608
254722320714
254722320738
254722320742
254722320757
254722694498
254722323485
254722685630
254722961259
254722328440
254722328557
254729356420
254729356437
254722767834
254729356665
254722666222
254722316373
254722316375
254722316441
254722316554
254722316579
254722320764
254722320786
254722320788
254722323762
254722323800
254722323819
254722323824
254722323836
254722323854
254722611170
254722327366
254722327399
254722327416
254722327421
254722327487
254722766288
254722705118
254722827902
254722872633
254722786727
254722316590
254722316817
254722316900
254722316958
254722894738
254729356895
254722976232
254722703818
254722942577
254722320900
254722320963
254722321000
254722321001
254722321030
254722321054
254722688180
254722887839
254729357845
254722949004
254722323999
254722324112
254722324166
254722324249
254721351377
254721351409
254722618763
254722313488
254722313492
254722313515
254722313531
254729357198
254722956436
254722452852
254721351906
254722317022
254722317070
254722317106
254722317131
254722317179
254722955394
254729357408
254729357460
254722321074
254722321102
254722321103
254722321124
254722321163
254722321188
254729357503
254722828483
254722962935
254722808997
254722324287
254722324295
254722324296
254722324324
254721352747
254721355157
254722759809
254722676278
254721355277
254722313608
254722313612
254722313685
254722313696
254721355500
254722718329
254722317240
254722317256
254722317275
254722317294
254722728720
254722683000
254729490378
254722321217
254722321231
254722321245
254722321247
254722321257
254722795837
254722685543
254722324342
254722324556
254722324586
254722324590
254722795105
254729358631
254729358673
254721354269
254722313718
254722313741
254722313804
254729490431
254729490464
254721354530
254722817469
254722317351
254722317485
254722317499
254724559786
254729455822
254721354613
254721354737
254722855514
254722702338
254713797195
254728104049
254721354846
254722321416
254722321430
254722958912
254722324616
254722324701
254722324776
254722324777
254722324828
254722849669
254722872555
254721357989
254722812123
254722831667
254722313880
254722313895
254722313957
254722313968
254722313977
254722611120
254722930521
254713600596
254721358348
254722317579
254722317588
254722317763
254722317867
254722955230
254722821876
254722964935
254722703277
254729490936
254722321433
254722321438
254722321541
254722321574
254721356515
254721356584
254722897564
254722324838
254722324840
254722325012
254722325060
254722325071
254722918783
254722313991
254722314005
254722314043
254722314044
254722314098
254722314112
254722715085
254722756556
254722317949
254722317959
254722317960
254722318041
254722318086
254721357512
254721360272
254722977602
254729491809
254722321613
254722885696
254722776774
254729492024
254722705464
254722325257
254722325310
254722325433
254722325452
254729492116
254729492118
254729492173
254722802550
254722808018
254722314194
254722314239
254722314367
254722314390
254722314391
254722314392
254722314394
254722678717
254722827954
254722601318
254729493553
254722318134
254722318198
254722318203
254722318204
254722318208
254722318246
254722896295
254722996198
254722817328
254722321733
254722321734
254722321869
254722892862
254722812457
254722325653
254722325659
254722325665
254722325666
254722325683
254722325686
254729493892
254722631235
254729755905
254722803752
254722314503
254722314533
254722314575
254722314813
254721360383
254722838006
254722712231
254722318270
254722318328
254722318446
254722318793
254722318821
254729493266
254729493298
254721360692
254729493941
254721361141
254722322121
254722322140
254722322177
254722322221
254722322249
254722322282
254722884367
254722405714
254722405862
254722888594
254721359062
254722828289
254722388954
254722389021
254722389023
254722860754
254722393524
254722393535
254722393591
254722393615
254722393672
254722393727
254722393786
254722393889
254722723762
254722660099
254729494102
254729494182
254722843968
254722399189
254722399221
254722399349
254729494300
254722405882
254722405950
254722406092
254722406117
254722406189
254722406191
254722788554
254722389058
254722389151
254722389225
254722389259
254722389289
254722754886
254722988328
254722881657
254722393913
254722393965
254722394127
254722394133
254722394197
254729495979
254722895341
254722863230
254722759198
254722870107
254722657873
254722399403
254722399508
254722399570
254722399599
254722862115
254722738458
254722406530
254722406668
254722406742
254722726802
254722615354
254722389296
254722389357
254722389367
254722389385
254722389456
254729495606
254722839290
254722666506
254722394424
254729495801
254722399723
254722399733
254722399744
254722399842
254722723266
254722755027
254724567883
254722886694
254722739140
254722406800
254722407047
254722407060
254722407095
254722711689
254722817112
254729497366
254721362079
254721362175
254722611145
254722389485
254722389488
254722389492
254722389559
254722389568
254722389585
254729497444
254722394854
254722394892
254722394912
254722395052
254722395077
254722395098
254722893000
254729496525
254729496644
254729496645
254722399952
254722400000
254722400002
254722400040
254722400205
254722400285
254721365720
254722872521
254729496901
254722408859
254722409125
254722409187
254729497024
254717628618
254721366368
254722770261
254722818752
254722657952
254722389611
254722389662
254722389837
254722389847
254722389859
254722389909
254729497584
254729497630
254729498306
254722720406
254722726199
254729498348
254729498373
254722395276
254722395305
254722395341
254722395504
254722600875
254722669033
254729616901
254729498576
254721364627
254722400400
254722400533
254722400540
254722400660
254722964587
254722712002
254721365109
254721365112
254721365154
254722896875
254722407245
254722407378
254722407447
254722407539
254729497761
254722734570
254722389973
254722390007
254722390084
254722390144
254722976362
254729498138
254722395560
254722395611
254722395657
254722395881
254722647647
254724566796
254721368776
254722975071
254722757268
254722400791
254722400828
254722400863
254722401000
254722830199
254722626695
254722408310
254722408420
254722408622
254722408747
254722633223
254729499724
254724569587
254722390207
254722390213
254722390286
254722390316
254722845788
254722877193
254722794244
254722396023
254722396118
254722396166
254722396208
254722396334
254722824905
254722626309
254722958073
254722401021
254722401200
254722401268
254722961449
254722868468
254722409214
254722409295
254722409350
254722409452
254722754186
254729400033
254729400035
254729400037
254729400049
254729400062
254729400063
254729400064
254729400068
254729400685
254729400686
254729400687
254729400688
254729400689
254729400690
254729400691
254729400692
254729400694
254729400695
254729400696
254729400702
254729400704
254729400705
254729400706
254729400710
254729400711
254729400712
254729400713
254729400714
254729400715
254729400716
254729400717
254722390371
254722390383
254722390756
254729400721
254729400723
254729400724
254729400726
254729400730
254729400731
254729400734
254729400749
254729400752
254729400753
254729400757
254729400760
254729400765
254729400766
254729400779
254729400781
254729400793
254729400808
254729400823
254729400827
254729400836
254729400841
254729400883
254729400884
254729400885
254729400886
254729400903
254729400917
254729400922
254719357017
254722791611
254722861504
254722396480
254722396488
254722396614
254722396708
254722396781
254729401000
254729401001
254729401002
254729401003
254729401004
254729401009
254729401012
254729401015
254729401016
254729401018
254729401019
254729401022
254729401023
254729401025
254729401026
254729401027
254729401028
254729401029
254729401030
254729401031
254729401032
254729401040
254729401044
254729401050
254729401052
254729401053
254729401054
254729401055
254729401056
254729401057
254729401058
254729401059
254729401060
254729401061
254729401062
254729401063
254729401064
254729401066
254729401068
254729401070
254729401071
254729401072
254729401073
254729401074
254729401079
254729401086
254729401098
254729401107
254729401108
254729401113
254729401116
254721367663
254722870216
254729401119
254729401122
254729401123
254729401127
254729401131
254729401132
254729401133
254729401134
254729401135
254729401136
254729400107
254729400131
254729400141
254729400206
254729400207
254729400227
254729400228
254729400229
254729400230
254729400235
254729400242
254729400245
254729400255
254729400282
254729400284
254729400332
254729400337
254729400340
254729400341
254729400342
254729400343
254729400344
254729400345
254729400346
254729400347
254729400350
254721367890
254722401744
254722401780
254722401797
254722402011
254722738693
254729400379
254729400392
254729400393
254729400394
254729400395
254729400396
254729400397
254729400405
254729400406
254729400407
254729400414
254729400415
254729400434
254729400444
254729400460
254729400468
254729400485
254729400490
254729400560
254729400561
254729400562
254729400571
254729400572
254729400573
254729400578
254729400581
254729400583
254729400585
254729400591
254729400596
254729400612
254729400613
254729400614
254729400623
254722773444
254722407589
254722407607
254722407655
254729400627
254729400630
254729400637
254729400642
254729400645
254729400643
254729400649
254729400656
254729400657
254729400667
254729400669
254729400680
254729400681
254729400682
254729400683
254729401139
254729401140
254729401142
254729401143
254729401144
254729401145
254729401146
254729401147
254729401148
254729401149
254729401153
254729401154
254729401161
254729401167
254729401165
254729401169
254729401171
254729401172
254729401173
254729401174
254729401178
254729401179
254729401180
254729401186
254729401187
254729401191
254729401192
254729401193
254729401198
254729401200
254722640531
254722790419
254722919986
254729401202
254729401206
254729401213
254729401216
254729401220
254729401221
254729401224
254729401225
254729401226
254729401228
254729401230
254729401231
254729401232
254729401233
254729401234
254729401235
254729401237
254729401238
254729401239
254729401240
254729401241
254729401242
254729401243
254729401244
254729401245
254729401246
254729401247
254729401248
254729401250
254729401252
254729401253
254729401254
254729401255
254729401256
254729401260
254729401261
254729401262
254729401263
254729401264
254729401266
254729401267
254729401269
254729401271
254729401279
254729401280
254729401281
254729401282
254729401283
254729401284
254729401290
254729401893
254729401894
254729401895
254729401896
254729401897
254729401898
254729401899
254729401900
254729401901
254729401902
254729401903
254722390819
254722390830
254722390923
254722391030
254722391099
254722699967
254724568259
254729401904
254729401905
254729401908
254729401909
254729401906
254729401907
254729401910
254729401911
254729401912
254729401913
254729401914
254729401915
254729401916
254729401917
254729401918
254729401919
254729401920
254729401921
254729401922
254729401923
254729401924
254729401925
254729401926
254729401927
254729401928
254729401929
254729401933
254729401934
254729401935
254729401936
254729401940
254729401941
254729401939
254729401942
254729401943
254729401944
254729401945
254729401946
254729401947
254729401949
254729401950
254729401948
254729401951
254729401952
254729401953
254729401954
254729401956
254729401957
254729401958
254729401959
254729401960
254729401961
254729401962
254729401963
254729401964
254729401965
254729401966
254729401968
254729401969
254729401970
254729401971
254729401972
254729401973
254729401974
254729401975
254729401976
254729401977
254729401978
254729401979
254729401980
254729401983
254729401984
254729401981
254729401982
254729401985
254729401986
254722926260
254722396812
254722396985
254722396986
254722397012
254722986160
254729401987
254729401988
254729401989
254729401990
254729401991
254729401992
254729401993
254729401994
254729401995
254729401996
254729401997
254729401998
254729401999
254729402000
254729402001
254729402002
254729402006
254729402008
254729402013
254729402014
254729402020
254729402021
254729402022
254729402023
254729402025
254729402026
254729402027
254729402031
254729402029
254729402035
254729402038
254729402049
254729402050
254729402052
254729402055
254729402056
254729402060
254729402061
254729402062
254729402063
254729402066
254729402068
254729402069
254729402070
254729402073
254729402075
254729402076
254729402077
254729402078
254729402079
254729402081
254729402083
254729402086
254729402088
254729402089
254722614844
254722402200
254722402249
254722402266
254722704770
254729402104
254729402105
254729402108
254729402109
254729402113
254729402115
254729402117
254729402119
254729402120
254729402122
254729402123
254729402124
254729402125
254729402133
254729402134
254729402136
254729402143
254729402148
254729402149
254729402152
254729402157
254729402158
254729402159
254729402160
254729402163
254729402165
254729402167
254729402168
254729402171
254729402174
254729402176
254729402177
254729402179
254729402180
254729402184
254729402182
254729402185
254729402186
254729402187
254729402188
254729402189
254729402190
254729402191
254729402192
254729402193
254729402194
254729402195
254729402196
254729402197
254729402198
254729402199
254729402200
254729402201
254729402202
254729402203
254722677108
254722386569
254722386666
254722386674
254729402205
254729402206
254729402207
254729402208
254729402209
254729402211
254729402212
254729402214
254729402215
254729402216
254729402217
254729402218
254729402219
254729402220
254729402222
254729402226
254729402227
254729402230
254729402233
254729402234
254729402231
254729402236
254729402232
254729402238
254729402241
254729402242
254729402243
254729402244
254729402245
254729402248
254729402249
254729402246
254729402247
254729402252
254729402254
254729402255
254729402256
254729402261
254729402262
254729402266
254729402268
254729402269
254729402271
254729402272
254729402275
254729402273
254729402280
254729402281
254729402282
254729402286
254729402288
254729402291
254729402295
254729402298
254729402299
254722386679
254722386703
254722714563
254722951515
254729401291
254729401289
254729401292
254729401294
254729401295
254729401296
254729401297
254729401298
254729401299
254729401300
254729401302
254729401303
254729401304
254729401305
254729401308
254729401309
254729401310
254729401312
254729401313
254729401314
254729401316
254729401317
254729401315
254729401318
254729401319
254729401320
254729401321
254729401322
254729401325
254729401326
254729401327
254729401328
254729401329
254729401331
254729401332
254729401333
254729401335
254729401336
254729401337
254729401339
254729401340
254729401341
254729401343
254729401344
254729401345
254729401346
254729401347
254729401351
254729401363
254729401364
254729401366
254729401373
254729401377
254729401382
254729401383
254729401381
254729401393
254722391107
254722391140
254722391333
254722391640
254729401398
254729401400
254729401404
254729401407
254729401424
254729401426
254729401427
254729401430
254729401431
254729401440
254729401441
254729401442
254729401443
254729401444
254729401446
254729401447
254729401448
254729401450
254729401451
254729401453
254729401454
254729401455
254729401456
254729401457
254729401458
254729401459
254729401460
254729401461
254729401462
254729401463
254729401464
254729401465
254729401466
254729401467
254729401468
254729401469
254729401470
254729401471
254729401472
254729401473
254729401475
254729401476
254729401474
254729401477
254729401478
254729401479
254729401480
254729401481
254729401482
254729401483
254729401484
254729401485
254721375644
254722397104
254722397142
254722397218
254722397240
254722397259
254722397310
254729401486
254729401487
254729401488
254729401489
254729401490
254729401491
254729401492
254729401493
254729401494
254729401496
254729401500
254729401501
254729401499
254729401502
254729401503
254729401504
254729401505
254729401506
254729401507
254729401509
254729401510
254729401518
254729401519
254729401520
254729401522
254729401524
254729401525
254729401527
254729401529
254729401534
254729401535
254729401536
254729401539
254729401543
254729401544
254729401545
254729401546
254729401547
254729401548
254729401549
254729401550
254729401553
254729401555
254729401557
254729401558
254729401560
254729401562
254729401563
254729401565
254729401566
254729401567
254729401571
254729401573
254729401575
254729401580
254729401581
254729401584
254729401586
254729401590
254729401592
254729401593
254729401591
254729401594
254729401595
254729401596
254729401598
254729401599
254729401602
254729401605
254729401608
254729401611
254729401614
254729401617
254729401619
254729401620
254729401629
254729401630
254729401631
254729401632
254729401634
254729401636
254729401637
254729401648
254729401650
254729401652
254729401653
254729401654
254729401656
254729401657
254729401658
254729401659
254729401660
254729401661
254729401662
254729401663
254729401664
254729401665
254729401666
254729401671
254729401672
254729401675
254729401676
254729401677
254729401678
254729401679
254729401680
254729401681
254729401682
254729401683
254729401684
254729401685
254729401686
254729401687
254729401688
254729401689
254729401690
254729401691
254729401692
254729401693
254721376197
254722402396
254722402734
254722402991
254722403000
254722403020
254722740047
254729401694
254729401695
254729401696
254729401697
254729401698
254729401699
254729401703
254729401705
254729401707
254729401708
254729401709
254729401710
254729401711
254729401712
254729401713
254729401714
254729401715
254729401718
254729401720
254729401724
254729401725
254729401726
254729401727
254729401728
254729401729
254729401730
254729401731
254729401732
254729401733
254729401734
254729401735
254729401736
254729401737
254729401738
254729401739
254729401744
254729401745
254729401747
254729401748
254729401749
254729401752
254729401753
254729401754
254729401755
254729401756
254729401757
254729401758
254729401759
254729401761
254729401762
254729401765
